%BLOCK LATTICE_CART
       2.813950363754664      -1.624634999999999       0.000000000000000
       0.000000000000000       3.249270000000000       0.000000000000000
       0.000000000000000       0.000000000000000       5.205440000000000
%ENDBLOCK LATTICE_CART

%BLOCK POSITIONS_FRAC
  O   0.3333333333333334   0.6666666666666665   0.3825999999999995
  O  -0.3333333333333334  -0.6666666666666665   0.8825999999999994
 Zn   0.3333333333333334   0.6666666666666665   0.0000000000000000
 Zn  -0.3333333333333334  -0.6666666666666665   0.5000000000000000
%ENDBLOCK POSITIONS_FRAC

%BLOCK KPOINTS_LIST
   0.4000000000000000   0.4000000000000000   0.3750000000000000       0.120000000000000
   0.4000000000000000   0.4000000000000000   0.1250000000000000       0.120000000000000
   0.4000000000000000   0.0000000000000000   0.3750000000000000       0.120000000000000
   0.4000000000000000   0.0000000000000000   0.1250000000000000       0.120000000000000
   0.4000000000000000  -0.2000000000000000   0.3750000000000000       0.120000000000000
   0.4000000000000000  -0.2000000000000000   0.1250000000000000       0.120000000000000
   0.2000000000000000   0.0000000000000000   0.3750000000000000       0.120000000000000
   0.2000000000000000   0.0000000000000000   0.1250000000000000       0.120000000000000
   0.0000000000000000   0.0000000000000000   0.3750000000000000       0.020000000000000
   0.0000000000000000   0.0000000000000000   0.1250000000000000       0.020000000000000
%ENDBLOCK KPOINTS_LIST

%BLOCK SYMMETRY_OPS
       1.000000000000000       0.000000000000000       0.000000000000000
       0.000000000000000       1.000000000000000       0.000000000000000
       0.000000000000000       0.000000000000000       1.000000000000000
       0.000000000000000       0.000000000000000       0.000000000000000
      -0.500000000000000       0.866025403784438       0.000000000000000
      -0.866025403784439      -0.500000000000000       0.000000000000000
       0.000000000000000       0.000000000000000       1.000000000000000
       0.000000000000000       0.000000000000000       0.000000000000000
      -0.500000000000000      -0.866025403784438       0.000000000000000
       0.866025403784439      -0.500000000000000       0.000000000000000
       0.000000000000000       0.000000000000000       1.000000000000000
       0.000000000000000       0.000000000000000       0.000000000000000
      -1.000000000000000       0.000000000000000       0.000000000000000
       0.000000000000000      -1.000000000000000       0.000000000000000
       0.000000000000000       0.000000000000000       1.000000000000000
       0.000000000000000       0.000000000000000       0.500000000000000
       0.500000000000000      -0.866025403784438       0.000000000000000
       0.866025403784439       0.500000000000000       0.000000000000000
       0.000000000000000       0.000000000000000       1.000000000000000
       0.000000000000000       0.000000000000000       0.500000000000000
       0.500000000000000       0.866025403784438       0.000000000000000
      -0.866025403784439       0.500000000000000       0.000000000000000
       0.000000000000000       0.000000000000000       1.000000000000000
       0.000000000000000       0.000000000000000       0.500000000000000
      -0.500000000000000      -0.866025403784439       0.000000000000000
      -0.866025403784439       0.500000000000000       0.000000000000000
       0.000000000000000       0.000000000000000       1.000000000000000
       0.000000000000000       0.000000000000000       0.000000000000000
      -0.500000000000000       0.866025403784438       0.000000000000000
       0.866025403784439       0.500000000000000       0.000000000000000
       0.000000000000000       0.000000000000000       1.000000000000000
       0.000000000000000       0.000000000000000       0.000000000000000
       1.000000000000000       0.000000000000001       0.000000000000000
       0.000000000000000      -1.000000000000000       0.000000000000000
       0.000000000000000       0.000000000000000       1.000000000000000
       0.000000000000000       0.000000000000000       0.000000000000000
       0.500000000000000       0.866025403784439       0.000000000000000
       0.866025403784439      -0.500000000000000       0.000000000000000
       0.000000000000000       0.000000000000000       1.000000000000000
       0.000000000000000       0.000000000000000       0.500000000000000
       0.500000000000000      -0.866025403784438       0.000000000000000
      -0.866025403784439      -0.500000000000000       0.000000000000000
       0.000000000000000       0.000000000000000       1.000000000000000
       0.000000000000000       0.000000000000000       0.500000000000000
      -1.000000000000000      -0.000000000000001       0.000000000000000
       0.000000000000000       1.000000000000000       0.000000000000000
       0.000000000000000       0.000000000000000       1.000000000000000
       0.000000000000000       0.000000000000000       0.500000000000000
%ENDBLOCK SYMMETRY_OPS

FIX_COM : false
%BLOCK IONIC_CONSTRAINTS
%ENDBLOCK IONIC_CONSTRAINTS

%BLOCK EXTERNAL_EFIELD
    0.0000000000     0.0000000000     0.0000000000 
%ENDBLOCK EXTERNAL_EFIELD

%BLOCK EXTERNAL_PRESSURE
    0.0000000000    0.0000000000    0.0000000000
                    0.0000000000    0.0000000000
                                    0.0000000000
%ENDBLOCK EXTERNAL_PRESSURE

%BLOCK SPECIES_MASS
       O     15.9989995956
      Zn     65.3799972534
%ENDBLOCK SPECIES_MASS

%BLOCK SPECIES_POT
       O  2|1.1|14|18|21|20UU:21UU(qc=7)[]
      Zn  3|2|2|1|11|12.8|14.5|40UU:41UU:32UU(qc=6)[]
%ENDBLOCK SPECIES_POT

%BLOCK SPECIES_LCAO_STATES
       O         2
      Zn         4
%ENDBLOCK SPECIES_LCAO_STATES

