 BEGIN header
  
 CASTEP calculation from Materials Studio                                        
 END header
  
                                      0
                     -1.2837141021681182E+002   -1.2837141021681182E+002                             <-- E
                      0.0000000000000000E+000    3.6761787220350266E+000    3.6761787220350244E+000  <-- h
                      3.6761787220350244E+000    0.0000000000000000E+000    3.6761787220350266E+000  <-- h
                      3.6761787220350244E+000    3.6761787220350266E+000    0.0000000000000000E+000  <-- h
                     -3.3641649928244435E-004    0.0000000000000000E+000    0.0000000000000000E+000  <-- S
                      0.0000000000000000E+000   -3.3641649928244457E-004    0.0000000000000000E+000  <-- S
                      0.0000000000000000E+000    0.0000000000000000E+000   -3.3641649928244473E-004  <-- S
 Pd              1    0.0000000000000000E+000    0.0000000000000000E+000    0.0000000000000000E+000  <-- R
 Pd              1    0.0000000000000000E+000    0.0000000000000000E+000    0.0000000000000000E+000  <-- F
  
                                      1
                     -1.2837214429718347E+002   -1.2837214429718347E+002                             <-- E
                      1.9039161968068990E-017    3.7392213365007323E+000    3.7392213365007301E+000  <-- h
                      3.7392213365007301E+000   -1.8324344454105494E-017    3.7392213365007323E+000  <-- h
                      3.7392213365007301E+000    3.7392213365007323E+000   -7.1481751396353306E-019  <-- h
                     -2.0581091764376274E-005    4.0657581468206416E-020    1.6263032587282567E-019  <-- S
                      4.0657581468206416E-020   -2.0581091764376898E-005   -1.0164395367051604E-019  <-- S
                      1.6263032587282567E-019   -1.0164395367051604E-019   -2.0581091764376844E-005  <-- S
 Pd              1    0.0000000000000000E+000    0.0000000000000000E+000    0.0000000000000000E+000  <-- R
 Pd              1    0.0000000000000000E+000    0.0000000000000000E+000    0.0000000000000000E+000  <-- F
  
                                      2
                     -1.2837214296741413E+002   -1.2837214296741413E+002                             <-- E
                      2.0325646605837143E-017    3.7434811539848680E+000    3.7434811539848658E+000  <-- h
                      3.7434811539848658E+000   -1.9562528554693282E-017    3.7434811539848680E+000  <-- h
                      3.7434811539848658E+000    3.7434811539848680E+000   -7.6311805114389463E-019  <-- h
                     -4.1117447059664102E-006    5.4210108624275222E-020   -1.4568966692773966E-019  <-- S
                      5.4210108624275222E-020   -4.1117447059669557E-006    8.1315162936412833E-020  <-- S
                     -1.4568966692773966E-019    8.1315162936412833E-020   -4.1117447059663831E-006  <-- S
 Pd              1    0.0000000000000000E+000    0.0000000000000000E+000    0.0000000000000000E+000  <-- R
 Pd              1    0.0000000000000000E+000    0.0000000000000000E+000    0.0000000000000000E+000  <-- F
  
                                      3
                     -1.2837214036625338E+002   -1.2837214036625338E+002                             <-- E
                      2.0647746495136646E-017    3.7445476935297606E+000    3.7445476935297584E+000  <-- h
                      3.7445476935297584E+000   -1.9872535335981880E-017    3.7445476935297606E+000  <-- h
                      3.7445476935297584E+000    3.7445476935297606E+000   -7.7521115915480263E-019  <-- h
                      4.9120037044186990E-007    4.0657581468206416E-020   -3.3881317890172014E-021  <-- S
                      4.0657581468206416E-020    4.9120037044210368E-007    6.7762635780344027E-021  <-- S
                     -3.3881317890172014E-021    6.7762635780344027E-021    4.9120037044246621E-007  <-- S
 Pd              1    0.0000000000000000E+000    0.0000000000000000E+000    0.0000000000000000E+000  <-- R
 Pd              1    0.0000000000000000E+000    0.0000000000000000E+000    0.0000000000000000E+000  <-- F
  
                                      4
                     -1.2837214036801760E+002   -1.2837214036801760E+002                             <-- E
                      2.0613356312038490E-017    3.7444338205001548E+000    3.7444338205001526E+000  <-- h
                      3.7444338205001526E+000   -1.9839436318179142E-017    3.7444338205001548E+000  <-- h
                      3.7444338205001526E+000    3.7444338205001548E+000   -7.7391999385938773E-019  <-- h
                      6.6094660692244235E-008    1.3552527156068805E-020    9.4867690092481638E-020  <-- S
                      1.3552527156068805E-020    6.6094660692173085E-008   -4.7433845046240819E-020  <-- S
                      9.4867690092481638E-020   -4.7433845046240819E-020    6.6094660692000290E-008  <-- S
 Pd              1    0.0000000000000000E+000    0.0000000000000000E+000    0.0000000000000000E+000  <-- R
 Pd              1    0.0000000000000000E+000    0.0000000000000000E+000    0.0000000000000000E+000  <-- F
  
